1 2
1 3
4 5
4 6
4 7
4 8
4 9
10 11
10 12
10 13
10 14
10 13
10 15
10 16
10 17
10 18
10 18
10 18
19 20
21 22
21 23
21 24
21 25
21 26
27 28
29 30
29 30
31 32
31 33
31 32
31 33
34 32
34 33
35 36
37 36
38 39
40 41
42 43
44 45
46 47
48 49
50 51
50 52
53 54
55 30
55 36
56 12
56 13
56 15
57 58
57 59
57 59
57 58
60 12
61 13
62 12
62 13
63 15
63 64
63 65
66 67
66 68
69 70
71 72
71 72
71 72
71 72
71 72
73 74
75 13
75 12
76 12
76 13
77 77
78 79
80 79
80 81
82 83
84 15
84 85
84 86
84 13
87 74
937 663
937 45
937 440
938 663
939 663
947 945
945 847
947 51
947 633
947 822
947 59
947 58
947 941
947 944
947 948
947 949
947 950
953 847
951 942
954 847
955 943
956 957
956 957
958 956
958 958
958 959
958 959
958 941
941 941
941 960
961 2
961 3
980 51
945 51
945 981
945 982
945 981
982 51
982 983
983 633
981 848
981 981
88 89
90 91
92 91
93 91
91 94
89 89
89 95
89 96
89 97
89 98
89 99
89 89
100 101
102 103
102 89
104 105
104 106
104 107
104 107
104 108
104 105
104 105
109 110
111 112
113 115
113 115
113 115
113 115
116 119
116 115
116 122
116 230
116 230
116 128
116 125
116 126
116 129
116 128
116 130
154 155
156 130
156 157
163 164
984 985
984 229
984 127
984 127
179 8
179 145
179 150
179 144
179 180
179 181
179 164
182 164
182 164
187 188
189 190
191 192
193 194
195 196
197 198
199 200
201 202
203 204
205 206
207 208
209 210
211 212
213 214
215 216
217 218
219 220
221 222
223 224
225 226
227 167
227 168
227 168
227 228
227 229
227 170
227 169
227 230
231 120
231 155
231 136
231 134
231 139
231 140
231 144
231 145
231 150
231 232
231 233
231 234
231 235
231 236
231 237
231 986
231 173
231 173
231 238
231 166
231 159
231 118
231 135
231 239
231 129
231 240
231 153
231 241
231 137
231 8
231 242
231 243
231 133
231 143
231 138
231 244
231 142
231 922
245 30
246 51
246 51
246 51
247 51
247 51
247 51
248 249
248 250
248 251
248 252
248 253
248 254
248 255
248 256
248 257
248 258
987 988
270 271
270 271
272 242
272 274
275 243
275 276
285 120
285 121
285 155
285 120
285 30
285 263
286 155
286 155
288 173
288 159
288 159
288 289
259 260
259 261
259 262
259 263
259 264
259 265
259 266
259 267
259 268
259 269
259 958
259 274
259 958
259 276
290 120
291 238
292 135
293 118
295 173
297 123
297 124
298 233
299 136
300 301
302 117
296 234
294 118
294 135
303 304
305 304
304 306
307 304
308 304
309 304
310 304
311 304
312 304
893 894
895 896
897 898
971 972
971 972
313 155
313 155
314 134
315 136
316 144
317 145
318 150
319 232
319 320
321 129
322 233
989 990
991 127
991 127
991 990
991 990
991 990
991 127
991 992
993 172
993 173
993 173
993 172
993 159
993 174
993 174
993 174
993 174
993 174
993 159
993 175
993 176
994 892
994 173
994 173
994 892
994 159
995 178
995 173
995 173
995 178
995 159
996 130
996 157
997 123
997 124
997 159
997 123
997 160
997 161
997 162
997 159
998 123
998 166
998 160
998 161
998 167
998 161
998 167
998 168
998 169
998 170
999 164
999 164
1000 184
1001 184
1002 184
1003 127
1004 176
1005 175
1006 132
1006 133
1006 134
1006 118
1006 135
1006 136
1006 137
1006 138
1006 8
1006 139
1006 140
1006 141
1006 120
1006 30
1006 142
1006 143
1006 143
1006 144
1006 145
1006 146
1006 147
1006 148
1006 149
1006 150
1006 151
1006 152
1006 153
1006 135
1006 118
1006 242
1006 150
1006 242
1006 242
1006 243
1006 150
1006 243
1006 243
326 327
328 329
328 330
331 332
899 330
899 900
901 157
901 338
901 122
902 175
903 176
903 175
904 175
905 175
906 900
906 157
907 157
907 157
339 908
909 910
911 912
913 914
915 916
347 244
347 194
347 196
347 198
347 200
347 202
347 204
347 206
347 214
347 216
347 218
347 220
347 208
347 210
347 212
347 222
347 224
347 226
917 918
348 349
348 1007
350 919
351 352
353 354
353 920
356 349
356 1007
1008 1007
1009 1007
921 349
357 358
973 672
918 908
359 920
361 974
361 79
361 362
361 79
361 362
361 45
361 363
361 81
361 15
361 364
361 365
366 367
366 368
366 368
366 369
366 369
366 369
366 83
366 370
371 164
372 164
373 122
373 908
373 910
373 122
373 912
373 914
373 338
373 122
373 916
374 375
374 376
374 375
374 376
377 122
377 329
377 922
377 900
377 923
377 122
377 157
377 122
377 122
924 378
925 234
390 349
391 392
391 393
391 394
395 375
395 376
396 397
396 234
396 122
396 122
396 398
396 122
396 122
399 354
400 122
400 122
400 122
400 122
400 122
400 122
401 164
402 920
403 920
403 176
403 920
1038 1039
1040 1039
478 327
478 479
480 481
481 482
483 484
483 484
483 485
483 485
485 484
486 483
487 482
487 482
487 482
487 482
487 482
487 482
487 482
487 482
487 482
487 482
487 482
488 484
488 484
488 484
488 489
489 484
489 484
489 484
489 484
489 484
489 484
489 490
490 484
490 484
926 927
928 929
930 931
491 492
493 494
493 495
493 115
493 927
493 496
493 929
493 497
493 115
493 931
493 931
493 931
493 931
493 931
493 497
493 115
498 499
500 501
502 487
503 488
504 505
506 505
505 507
505 505
508 487
509 488
510 511
510 512
510 513
510 32
510 514
515 362
516 517
518 519
518 520
518 521
518 522
523 32
523 513
523 524
1010 370
1011 370
1011 362
525 526
527 528
527 529
1012 375
1012 376
1012 741
1012 742
1012 743
1012 743
1012 744
1012 744
1012 966
1012 745
1012 746
1012 362
1012 747
1012 748
1013 513
1014 532
533 494
533 492
533 499
534 494
534 492
534 499
535 536
535 392
535 393
535 394
537 494
537 392
537 393
537 394
538 499
539 494
539 375
539 376
539 492
540 15
540 74
541 12
541 13
542 12
542 13
542 14
543 544
545 546
547 548
547 549
547 548
547 549
547 550
547 551
547 548
547 393
547 394
547 552
547 552
547 548
547 393
547 394
547 553
554 553
554 553
554 553
554 551
554 550
554 555
554 548
556 549
556 551
556 550
556 550
556 550
557 550
556 558
556 548
556 550
559 560
559 561
559 560
559 561
559 376
559 562
559 560
559 561
559 376
559 563
564 560
564 561
564 565
564 566
564 566
564 566
567 560
567 561
567 566
567 565
568 560
568 561
568 565
568 566
568 492
568 397
569 558
570 563
570 563
570 563
570 560
570 561
571 362
572 12
573 13
574 15
575 408
576 72
577 411
578 17
579 16
580 45
580 45
581 14
582 420
583 83
584 79
585 424
586 426
587 428
588 430
589 432
590 434
591 436
592 438
593 440
594 11
595 363
596 81
597 445
598 65
599 448
600 86
601 451
602 453
603 64
604 477
605 365
606 457
607 364
608 460
609 462
610 464
611 466
612 468
613 470
614 85
615 475
616 472
617 12
617 13
617 15
617 411
617 17
617 17
618 466
619 14
620 434
621 430
622 72
623 15
624 65
625 462
626 64
627 12
627 13
627 411
627 15
627 15
627 17
627 17
627 72
627 72
627 438
627 438
627 470
628 12
628 12
628 629
628 13
628 13
628 629
628 411
628 411
628 629
628 15
628 15
628 629
628 17
628 17
628 629
628 72
628 72
628 629
628 438
628 438
628 629
628 470
628 470
630 51
630 51
631 630
632 51
632 51
632 629
632 633
632 633
632 629
632 58
632 58
632 634
632 59
632 59
632 634
634 629
635 632
636 637
636 507
636 638
636 638
639 306
640 641
640 642
640 643
644 645
644 646
644 647
644 648
644 649
644 72
644 72
644 650
644 651
644 652
644 653
644 654
644 655
644 656
644 11
644 657
644 650
644 652
644 650
644 651
644 652
644 658
659 362
659 362
660 51
660 51
660 51
660 51
661 72
661 438
661 661
661 662
661 663
661 664
661 74
661 45
661 665
661 440
666 645
666 646
666 647
666 649
666 667
666 649
666 651
666 649
666 668
666 669
670 671
670 668
670 669
672 661
673 12
673 13
673 15
673 72
673 674
673 411
673 362
673 45
673 72
673 651
673 249
673 652
673 252
673 675
673 257
673 676
673 250
673 641
673 124
673 160
673 161
673 83
673 170
673 230
673 83
673 83
673 83
673 436
673 436
673 451
673 453
673 2
673 448
673 438
673 438
673 74
673 466
673 645
673 468
673 12
673 13
673 15
673 363
673 363
673 12
673 13
673 15
673 12
673 13
673 15
677 230
678 679
678 965
680 15
681 30
681 36
682 13
682 15
683 14
684 12
684 13
685 3
685 3
685 45
685 365
685 3
685 45
685 365
685 411
685 11
685 45
685 365
686 687
686 688
686 689
686 479
686 690
686 691
686 692
686 689
686 479
686 693
686 688
686 689
686 479
694 695
694 696
694 697
694 698
694 699
694 700
694 701
694 702
694 703
694 693
694 703
704 367
704 369
704 369
704 83
704 370
704 457
704 32
704 45
705 706
705 707
705 708
705 709
705 710
705 711
705 712
705 713
705 714
705 715
705 716
705 717
705 718
705 719
705 720
705 721
705 722
705 723
705 724
694 32
694 725
694 935
694 83
694 83
694 83
694 83
694 411
694 86
694 45
694 365
726 12
726 13
726 14
726 411
726 83
694 697
694 727
694 699
694 696
694 700
694 701
694 728
694 729
694 702
694 702
730 701
694 700
694 702
731 701
731 732
731 728
731 732
731 252
731 161
731 161
731 728
731 734
731 735
731 735
731 728
731 734
731 702
731 958
731 739
731 739
731 958
731 739
731 739
736 728
736 732
737 738
737 739
737 279
737 739
737 280
737 739
737 281
737 706
737 51
737 51
737 282
740 739
740 1015
740 362
740 13
740 967
740 749
740 750
740 751
740 752
754 755
1016 370
756 757
756 759
756 758
756 975
756 32
756 532
756 79
756 532
756 532
760 83
763 11
763 764
763 72
763 72
763 72
767 11
767 764
770 11
770 764
770 72
770 72
776 74
777 778
781 778
788 789
790 789
791 64
795 796
795 796
795 796
797 798
801 637
802 362
761 672
765 11
765 764
765 72
765 72
765 72
766 72
766 72
766 72
766 13
766 12
766 15
766 72
766 411
766 17
768 11
768 764
769 13
769 12
769 15
769 72
769 411
769 17
772 72
772 72
772 13
772 12
772 15
772 72
772 411
772 17
771 11
771 764
771 72
771 72
773 11
773 764
773 72
774 11
774 764
774 72
775 72
775 13
775 12
775 15
775 72
775 411
775 17
783 778
785 778
803 167
803 229
803 170
803 168
803 169
804 968
804 968
804 805
806 306
184 164
969 965
812 164
813 306
1017 164
807 808
888 32
888 370
814 462
814 457
814 457
814 815
816 668
817 36
818 51
819 33
820 30
821 822
823 58
824 59
825 54
826 633
827 828
827 828
827 828
829 12
830 13
831 832
833 5
834 835
836 6
837 838
839 7
840 841
842 9
32 32
32 445
32 472
32 843
32 844
32 45
32 365
32 83
32 81
370 32
370 83
370 81
370 370
32 15
32 65
32 65
32 72
32 362
32 362
32 12
32 13
32 17
32 11
32 18
32 411
32 11
32 845
32 362
532 32
532 846
532 72
532 470
789 847
847 51
847 848
847 633
847 59
847 849
847 58
847 849
847 850
847 851
847 852
847 853
847 854
847 789
848 822
848 855
848 822
845 18
845 856
845 857
845 764
845 657
532 846
370 32
976 977
858 859
858 860
858 969
858 861
862 863
862 864
858 235
858 859
858 236
858 860
858 135
858 865
858 118
858 861
320 866
320 866
268 867
268 867
867 868
867 868
866 868
866 868
1018 1019
1018 1020
1018 1021
1018 1022
1018 1023
1018 1023
1018 1023
1024 1025
1024 1026
1024 1025
1024 1026
1024 1027
1024 1028
1024 1027
1024 1028
1024 1027
1029 1030
1031 1030
1031 1032
1031 1033
869 870
871 872
1034 1035
1036 873
1036 1037
874 875
874 876
877 1035
877 873
877 879
880 881
880 882
880 883
978 886
978 887
979 979
